1	0.832093038457
2	1.15501379772
3	1.0774061387
4	0.816530105779
5	3.11067025276
6	0.965154412558
7	0.958404864419
8	0.969203010999
9	1.30409027704
10	0.898126323714
11	1.08083436913
12	0.973846550455
13	0.896077114471
14	0.679894752009
15	1.14306135055
16	0.884765158138
17	0.764059831606
18	0.679534419392
19	0.980681619732
20	0.90918066562
21	1.01658865121
22	1.01874779115
23	2.21629121937
24	3.9183135585
25	0.66495033662
26	1.21703474763
27	1.53057334049
28	1.71545641275
29	0.995276333612
30	0.9784874734
31	0.831362900965
32	1.78472535926
33	1.22967104827
34	1.14779830114
35	1.19099882012
36	1.11221188555
37	1.00730510869
38	1.43049688167
39	1.20045801456
40	1.11438386127
41	1.17941307625
42	2.27523894728
43	1.0063628938
44	2.25162935204
45	0.635060405141
46	0.887594639861
47	1.02937885852
48	1.10168391276
49	1.04980964779
50	2.54397789487
51	1.15623297008
52	0.717346379631
53	1.91093204392
54	0.987349128702
55	1.00866086122
56	1.21405657147
57	0.590544841826
58	4.0033031743
59	3.01156342727
60	1.9663759444
61	0.73297890428
62	1.87244568705
63	0.916603171448
64	1.75400367808
65	0.859870118022
66	1.1485083689
67	1.14847717758
68	2.19540083177
69	0.750568297045
70	2.0975563846
71	2.25727928049
72	2.48077270521
73	0.666600972419
74	1.06357423983
75	1.54658555457
76	1.47065305672
77	1.56804839194
78	1.49559819272
79	0.637442008147
80	0.904428518044
81	0.960502722068
82	1.54098164512
83	3.01576695876
84	1.66153155696
85	2.30976427888
86	2.16572488295
87	0.897496713218
88	0.996306267393
89	5.60798028878
90	1.11890847661
91	0.852497352484
92	2.0193280879
93	0.72718373343
94	0.910596573306
95	1.52312912406
96	1.17197644235
97	1.87253783898
98	0.768368398993
99	0.686394151055
100	1.80787083369
101	0.555660532735
102	1.95506112919
103	5.10348350034
104	1.13228300913
105	1.15004173752
106	0.726003841516
107	0.919376070905
108	0.906602960993
109	1.57814623081
110	1.290225573
111	0.810693448261
112	1.05840648543
113	1.56591260435
114	0.818684089168
115	0.845078907357
116	0.756545045931
117	1.0490588337
118	1.76877861427
119	1.9783614934
120	1.27669450525
121	1.28186957761
122	0.924376378695
123	0.909837511992
124	0.772973963193
125	1.60021451905
126	0.835761421355
127	0.946886982365
128	1.54037047798
129	1.06509531482
130	0.86075890009
131	1.03638943378
132	0.814276356909
133	0.817934923737
134	0.887945096377
135	1.12370540667
136	1.11415726772
137	5.18818774082
138	1.10589477392
139	1.55968263475
140	0.707500775341
141	2.80574900407
142	0.747630615236
143	2.09411295438
144	2.18733138364
145	0.726911713459
146	0.863169011375
147	1.06347191741
148	1.09841342619
149	0.777410695714
150	1.49218465399
151	1.02356438228
152	1.30155590501
153	0.832708130071
154	0.85846406249
155	1.78155563237
156	0.762091249479
157	0.771511624176
158	1.1614049792
159	0.800859729359
160	7.06129795808
161	0.750956347995
162	1.0342582196
163	1.17146640031
164	0.76908283037
165	1.99630349643
166	5.24974857424
167	0.971711656206
168	0.750232495764
169	1.13820253818
170	0.811671953613
171	1.12103321546
172	0.919483218455
173	2.24049453981
174	1.41026973196
175	1.06035921306
176	7.3461550564
177	1.99666801661
178	1.30172546677
179	0.832448443905
180	1.05898644374
181	0.679781424753
182	1.59498706613
183	0.771491410743
184	0.914532938253
185	0.726375915029
186	1.99815740374
187	0.808833267367
188	1.17483964857
189	1.84690480188
190	0.734924288647
191	2.03806288855
192	0.841833272888
193	0.984670594246
194	7.30211105822
195	0.935826197538
196	0.978802697159
197	2.58547941753
198	0.859578779328
199	0.84426191246
200	0.881821915954
201	0.98602910795
202	0.894017048375
203	2.08194387904
204	1.01636593718
205	1.1211225401
206	0.807410567991
207	1.08730119723
208	0.991868919622
209	0.935929278346
210	0.700140308205
211	0.89664332527
212	0.812141186737
213	0.865914053994
214	0.902184006812
215	2.09674115975
216	2.85308486714
217	0.983123980209
218	0.98333665732
219	0.990876740277
220	0.802981374194
221	1.08009598275
222	0.769306022232
223	0.695185253494
224	0.841833271799
225	1.05692297405
226	0.81865634444
227	1.92677795429
228	1.13070605004
229	1.12224349814
230	0.956229323164
231	1.11276393568
232	0.810650862443
233	0.894017048375
234	1.00240062824
235	1.10658020122
236	0.69892557184
237	1.12173413954
238	1.02330483683
239	0.681087557086
240	1.09608046462
241	0.85653741806
242	1.26272090309
243	0.946759667832
244	0.969739007664
245	0.95008877453
246	0.702938275063
247	0.995095721581
248	2.02104398135
249	0.922626384045
250	1.11778613204
251	0.800156193965
252	0.709693635826
253	0.715471622088
254	1.078539968
255	3.11438433226
256	2.38064042221
257	0.698742688475
258	0.98594456898
259	0.891790329852
260	1.53063606945
261	0.794600732592
262	0.772692024127
263	0.98815020004
264	2.04729309866
265	0.810668357187
266	0.715036834278
267	2.37996147094
268	0.852937772778
269	0.889651046407
270	0.698029819494
271	3.26687379334
272	2.70822234109
273	0.640660123687
274	0.755587669947
275	0.920256352681
276	3.05719706694
277	1.5556539696
278	1.30559889913
279	0.752275345326
280	0.829391147678
281	1.04546068668
282	0.89152095782
283	0.715471623475
284	2.29417201457
285	0.875792450997
286	0.993424852741
287	0.836035661231
288	1.713944403
289	0.701093582617
290	2.45584777693
291	0.717709677473
292	1.13200358385
293	1.263541122
294	5.17142305412
295	1.06814777787
296	1.16378218981
297	0.920256352409
298	0.887306997561
299	0.910575603941
300	1.28342856276
301	0.732710449817
302	3.22751936499
303	2.20462272004
304	0.640660121782
305	2.68839174801
306	1.12851619533
307	2.70877587846
308	2.41389473124
309	0.701152851462
310	1.84107391799
311	1.51377605046
312	0.905561188137
313	2.47888576137
314	0.703089250902
315	1.13269786438
316	1.06375813383
317	0.694138678318
318	1.67618247987
319	0.831248997373
320	0.936455529117
321	1.28342855514
322	0.888216883691
323	0.81295701617
324	1.14187335724
325	1.03985493428
326	1.26695000975
327	0.697074859419
328	1.17384450421
329	1.40891735178
330	1.06905849149
331	1.2489055512
332	0.728365260749
333	0.711238362208
334	3.43758763384
335	0.632228181871
336	1.07804654477
337	0.994568706169
338	1.14834385866
339	1.67347947095
340	0.922120315686
341	0.93341079527
342	0.905561187593
343	0.890795411681
344	0.712250286134
345	1.07804654041
346	0.814671209943
347	0.910617985129
348	0.70179516124
349	1.61115269365
350	1.16980188588
351	1.03772567605
352	0.668059928259
353	0.916360427118
354	1.40489669277
355	0.925792894827
356	1.50365975466
357	3.57701285508
358	0.765856299437
359	3.99849974306
360	0.602367925224
361	1.32523654047
362	0.949048636208
363	0.949873792888
364	1.06789394517
365	1.07003355379
366	1.14962779848
367	1.03998309391
368	2.42603776746
369	0.754352309257
370	0.940822088919
371	1.06790327514
372	0.642513412482
373	4.57441735913
374	1.41186339375
375	0.931968846017
376	1.13774115663
377	3.12230902991
378	1.07979111319
379	0.764880483114
380	1.00514014831
381	0.931105917758
382	0.91435176077
383	4.7616372628
384	1.19262028778
385	0.881439975049
386	3.47951456258
387	0.88475097502
388	0.851576952092
389	1.37532512307
390	1.65155716798
391	1.21778380821
392	2.46932069558
393	1.44040612928
394	0.935788931001
395	0.78264299335
396	0.8920083374
397	0.939958559288
398	0.738755565402
399	1.08733028947
400	0.755623228153
401	1.15807694143
402	0.920273002511
403	0.911512144711
404	0.960570193513
405	4.68447706508
