('These are the traits to optimize by:\n', [['energy', 1.0, 0.7285026668]])
(['~/error_functionNAD/input/TS_state.gjf'], '\n', ['~/error_functionNAD/input/reactants.gjf'])
/home/qnt/pshety/error_functionNAD/input/TS_state.gjf

/home/qnt/pshety/error_functionNAD/input/reactants.gjf


This part is about to calculate the best set of parameters
**************
This is generation number:  1
**************
[41mTEST: inCounter:2 GradeList: [0.83209303845693039][0m
1
1
1
1
1
1
1
1
1
1
1
1
1
1
1
1
1
1
1
1
**************
This is generation number:  2
**************
[41mTEST: inCounter:22 GradeList: [0.39273076199733203, 0.52021612816795659, 0.63817315411679665, 0.64926943537957349, 0.66520559747967123, 0.71835355076218199, 0.73056484582039516, 0.75213738904626559, 0.76597940265432818, 0.78473837231384358, 0.79385825522399223, 0.8150507609264811, 0.82267076026562058, 0.83086714925808713, 0.83264003221969751, 0.83606374746182588, 0.85950537797732529, 0.93760054098858692, 0.95114082817405865, 0.96807449758092623][0m
2
2
2
2
2
2
2
2
2
2
2
2
2
2
2
2
2
2
2
**************
This is generation number:  3
**************
[41mTEST: inCounter:41 GradeList: [0.57662156876319848, 0.58484077959054737, 0.63379034748566176, 0.63842679361376475, 0.69313724465342552, 0.76840212369559147, 0.82971776598670111, 0.83826733304235723, 0.84433556714835312, 0.87793481041680088, 0.87880335510574248, 0.88440601939342478, 0.90026587247037326, 0.91742986611526767, 0.95823350972878252, 0.95917955132666044, 0.99081476215710829, 1.0113580508471696, 1.0414579191466489][0m
3
3
3
3
3
3
3
3
3
3
3
3
3
3
3
3
3
3
3
3
**************
This is generation number:  4
**************
[41mTEST: inCounter:61 GradeList: [0.31543084959166812, 0.32038694377824306, 0.40897204886826166, 0.43109355631764579, 0.53143679041324965, 0.60761108101875017, 0.71405570955837738, 0.72676375889986111, 0.81716199748805429, 0.83205626066184812, 0.83366911183531023, 0.86931433615167897, 0.90499642944577097, 0.92580516776030641, 0.98177459744848095, 0.98859852502405132, 1.0057027801547607, 1.0198659985846392, 1.0811703064631049, 1.2325821161515877][0m
4
4
4
4
4
4
4
4
4
4
4
4
4
4
4
4
4
4
4
4
4
4
4
4
4
4
4
4
4
4
4
4
4
4
4
**************
This is generation number:  5
**************
[41mTEST: inCounter:96 GradeList: [0.075545944493239925, 0.32108800729021858, 0.33519203742012571, 0.4533859142577058, 0.56163158954246917, 0.57026882139487334, 0.57069520284583752, 0.62634040632327703, 0.63661394229769719, 0.70441938936333848, 0.72710907219250209, 0.76762005052974025, 0.7697013086893606, 0.80159420763547196, 0.804551919418654, 0.80579328462742417, 0.81835119991388516, 0.85597811906128818, 0.88735052598124653, 0.93140830506351058, 0.94911607445550039, 0.95296756578648079, 0.96151451156942336, 0.96252501723780604, 0.96361477519438743, 0.97437824929941186, 1.0017608095807136, 1.008301059256266, 1.0259301534318981, 1.0576029242459954, 1.0933536824769847, 1.1200960512779377, 1.195028799310859, 1.2292504951210335, 1.2744188456856991][0m
5
5
5
5
5
5
5
5
5
5
5
5
5
5
5
5
5
5
5
5
5
5
5
5
**************
This is generation number:  6
**************
[41mTEST: inCounter:120 GradeList: [0.04226551988023608, 0.13238062509542636, 0.197066184577534, 0.21670554429941824, 0.29230235298659857, 0.38203595350951225, 0.38971192413702915, 0.39287694400684081, 0.49556691551426801, 0.63031054250400309, 0.78374713426529474, 0.88367466868470224, 0.90118909272316194, 0.90696713754401237, 0.93966375767337673, 0.94899117169467428, 0.95258698784497831, 0.97219604171767748, 0.99413870244768965, 1.0041613996297167, 1.0322212276654286, 1.0589172952334609, 1.11474149288878, 1.2910262530348406][0m
6
6
6
6
6
6
6
6
6
6
6
6
6
6
6
6
6
6
6
6
6
6
6
6
**************
This is generation number:  7
**************
[41mTEST: inCounter:144 GradeList: [0.024762736600178026, 0.16003512959147492, 0.30121381085175691, 0.34788182028849512, 0.3792124074058848, 0.42872248464759644, 0.44441592596958379, 0.53914091013014065, 0.55605095180974196, 0.57213027306101061, 0.58135738134548098, 0.62324857011297474, 0.66003071031488225, 0.84177291050368008, 0.86272469898234483, 0.88480097953154135, 0.91639454992234171, 0.94758637120653766, 0.96893483776513356, 0.97969000164922171, 1.0075820813194118, 1.0807146387589812, 1.1343395427494842, 1.2634368490564016][0m
7
7
7
7
7
7
7
7
7
7
7
7
7
7
7
7
7
7
7
7
7
7
7
**************
This is generation number:  8
**************
[41mTEST: inCounter:167 GradeList: [0.15916851337338478, 0.28267329881736181, 0.29121235362517062, 0.33337384586969854, 0.34043414666536342, 0.36003576638765089, 0.47359943476293231, 0.48705206188646322, 0.53840742370865946, 0.55612759139679901, 0.61169166276912967, 0.66369796826952843, 0.77267049937762244, 0.86687536501551399, 0.86845612416989304, 0.89710032767117898, 0.90629845367543005, 0.97362597578391508, 0.9866199539239745, 1.0257948241390809, 1.0861297487384975, 1.1174682611572324, 1.3227119767403055][0m
8
8
8
8
8
8
8
8
8
8
8
8
8
8
8
8
8
8
8
8
8
8
8
**************
This is generation number:  9
**************
[41mTEST: inCounter:190 GradeList: [0.0097528119638879973, 0.10958887755836322, 0.32647614273256742, 0.47359943476293231, 0.49655373658359003, 0.59543593263923789, 0.63204058767059912, 0.63961794913677472, 0.68808522570861619, 0.7876422837057121, 0.8197411099783779, 0.86464780046313272, 0.88589873763531279, 0.89456809552102079, 0.89578766387158015, 0.92051170377423552, 0.959401989705296, 0.975341505309271, 1.0519235212401528, 1.1157313361361618, 1.1552947124658735, 1.1929005710352785, 1.3106198856713975][0m
9
9
9
9
9
9
9
9
9
9
9
9
9
9
9
9
9
9
9
9
9
**************
This is generation number:  10
**************
[41mTEST: inCounter:211 GradeList: [0.1531705515808256, 0.25901290427654267, 0.47949391329083546, 0.5074716212849183, 0.55602066044965859, 0.55887748926091063, 0.637545218208868, 0.74789682720937101, 0.75643764041687411, 0.81070459567704922, 0.81860201418879164, 0.83462472588142311, 0.84273501307191345, 0.85519053667841838, 0.87155381001163057, 0.8830583000644453, 0.8882647819874564, 0.90977062912897544, 1.069822183505166, 1.1401583753684692, 1.2599107882576392][0m
10
10
10
10
10
10
10
10
10
10
10
10
10
10
10
10
10
10
10
10
10
10
10
10
10
10
**************
This is generation number:  11
**************
[41mTEST: inCounter:237 GradeList: [0.14625620204216438, 0.15317055185294925, 0.19042245716123041, 0.4562452117674497, 0.47731086250990706, 0.51823819397755677, 0.55887748936975512, 0.63030214833596865, 0.6329468769996226, 0.64467153491308415, 0.67128618707832011, 0.69589999535267288, 0.70354317571698111, 0.75776868014642396, 0.77319261810038575, 0.79125047036936003, 0.81070459567704922, 0.81644304276249791, 0.87506041358161191, 0.88814805875129543, 0.94040221207744146, 0.96678891011627577, 1.0056691874278103, 1.0572491229060121, 1.1114642012932814, 1.2707485776076171][0m
11
11
11
11
11
11
11
11
11
11
11
11
11
11
11
11
11
11
11
11
11
11
11
11
11
**************
This is generation number:  12
**************
[41mTEST: inCounter:262 GradeList: [0.033007942463694984, 0.15112737711517077, 0.20564824616307653, 0.28081036661241832, 0.2999395907799397, 0.54722258210024399, 0.59939733668651918, 0.63518765537334054, 0.63850532730368748, 0.64250830898675992, 0.66784898805070447, 0.67821916308217289, 0.68598703390408466, 0.71987675707528076, 0.72652388537048018, 0.74224259745583943, 0.74398987994640897, 0.79911150861986513, 0.86700122229728016, 0.87019322960246093, 0.87963832802045949, 0.95972352677811734, 1.0252945500631805, 1.0588927599520845, 1.0648981175541854][0m
12
12
12
12
12
12
12
12
12
12
12
12
12
12
12
12
12
12
12
12
12
12
**************
This is generation number:  13
**************
[41mTEST: inCounter:284 GradeList: [0.17773688469591498, 0.21902853698959468, 0.29993959069830189, 0.32699199646930388, 0.38390000576771122, 0.4144429283093104, 0.51384851685265864, 0.51653559867658039, 0.56001750895866287, 0.56590345317986823, 0.63869767097893948, 0.64250830871465048, 0.65594342204653067, 0.71412582159674975, 0.73739622991412268, 0.84126061805151842, 0.88199878478678506, 0.95972352677811734, 0.96297044148813604, 0.99533597261381324, 1.0641891817612921, 1.0715795740728824][0m
13
13
13
13
13
13
13
13
13
13
13
13
13
13
13
13
13
13
13
13
13
13
13
13
13
13
**************
This is generation number:  14
**************
[41mTEST: inCounter:310 GradeList: [0.061167827959505483, 0.17773688496802442, 0.20679622347661286, 0.46359549640226738, 0.47170252856687689, 0.54481575958281503, 0.56562199738874319, 0.59887385957140971, 0.62597456312908839, 0.66779596612270786, 0.68470237679670454, 0.69761129813357747, 0.70865380363137553, 0.71060732175345442, 0.71412582159674975, 0.83908230314004306, 0.88465626307278178, 0.88639249148242605, 0.92118253434895514, 0.93629617271578247, 0.96080888661294928, 0.98489031973093055, 0.99533597250496875, 1.0570899632427428, 1.2293024223350075, 1.2747119740725426][0m
14
14
14
14
14
14
14
14
14
14
14
14
14
14
14
14
14
14
14
14
14
14
14
14
14
14
14
14
14
**************
This is generation number:  15
**************
[41mTEST: inCounter:339 GradeList: [0.012188863877253264, 0.12754291948180885, 0.19543481034214671, 0.24242255030240478, 0.29209645506291515, 0.48188207641730407, 0.51994195550404931, 0.52014772282765598, 0.54481575958281503, 0.56218483155899157, 0.57266843616062324, 0.6001957187239072, 0.66919285141756013, 0.67258906111954964, 0.67942535398388493, 0.68196806634864238, 0.69919580483991417, 0.70862699143732477, 0.70996881014071966, 0.71483091212162442, 0.88465626334489122, 0.88827201776684894, 0.89285049052890109, 0.90024098793085805, 0.9251791363227938, 0.97516501417065349, 1.0705426774426998, 1.0775232464311673, 1.3347764994108049][0m
15
15
15
15
15
15
15
15
15
15
15
15
15
15
15
15
15
15
15
15
15
15
15
15
15
15
15
15
15
15
**************
This is generation number:  16
**************
[41mTEST: inCounter:369 GradeList: [0.05215851334234578, 0.093451990975748411, 0.52014772282765598, 0.53692668190481363, 0.54481575931070558, 0.54481575958281503, 0.56218483155899157, 0.61351807732800701, 0.65045539780021222, 0.67258906084744019, 0.68470237706881398, 0.68520670305601328, 0.69227193458183656, 0.69314171820512349, 0.70434909122630251, 0.70777765771412937, 0.70996881014071966, 0.70996881041282911, 0.70996881041282911, 0.71891116733538929, 0.73699845279899712, 0.75484506798390505, 0.88513015532994366, 0.88938214050631081, 0.97918670830686672, 1.0146827657969029, 1.0493474338394551, 1.0537154927163046, 1.0705426777148377, 1.0785115378132106][0m
16
16
16
16
16
16
16
16
16
16
16
16
16
16
16
16
16
**************
This is generation number:  17
**************
[41mTEST: inCounter:386 GradeList: [0.049870465799540464, 0.17456427829196464, 0.52466929146782781, 0.56491683584216623, 0.65045539780021222, 0.65682649843138285, 0.66352245347539174, 0.68470237706881398, 0.7128329744066918, 0.71448464615840812, 0.71842682835540195, 0.74293510543625707, 0.88098789244461961, 0.89015721218281108, 0.95762642723859137, 1.0601414493228107, 1.0697821777350329][0m
17
17
17
17
17
17
17
17
17
17
17
17
17
17
17
17
17
17
17
17
17
17
17
17
17
17
17
17
17
17
17
17
17
17
17
17
17
17
17
17
17
**************
This is generation number:  18
**************
[41mTEST: inCounter:427 GradeList: [0.03408832724097699, 0.040258646490667682, 0.1166083484870456, 0.17456427829196464, 0.32107938046481344, 0.52202919091652411, 0.52466929119570416, 0.52466929119570416, 0.52701458088023123, 0.56455016923147106, 0.5910490919202801, 0.6049803814567668, 0.60527820489597139, 0.65226903225997723, 0.66645491178709626, 0.67119500499236728, 0.68181339629179838, 0.68342943555113045, 0.68619675340923159, 0.68636226230499353, 0.68813979460385333, 0.69378178522061951, 0.69507698156953956, 0.6956008320248771, 0.6987108878901126, 0.70633787992934749, 0.71501742058742657, 0.74297536849002632, 0.74686129332534967, 0.75875291839270609, 0.75994571068055172, 0.78573521242465183, 0.86065624486785175, 0.87499808209456098, 0.87681529403512293, 0.89873487368735716, 0.96688345335247738, 1.0368510844478012, 1.0372009238100874, 1.0573069204321088, 1.0824015198660506][0m
18
18
18
18
18
18
18
18
18
18
18
18
18
18
18
18
18
18
18
18
18
18
18
18
18
18
18
18
18
**************
This is generation number:  19
**************
[41mTEST: inCounter:456 GradeList: [0.036800506125342802, 0.15241580898590434, 0.37438987077886743, 0.43610171295878508, 0.50595584536705196, 0.52466929146782781, 0.56058474660687529, 0.59882977304594653, 0.60174472681786717, 0.63271442211015205, 0.65149430371907335, 0.67119500472025784, 0.67804566710068748, 0.68619675340923159, 0.68636179998355551, 0.69616085974448516, 0.70078696772315829, 0.70266422920400096, 0.73805731772456518, 0.74686129332534967, 0.74898017938816686, 0.75201883312332007, 0.75582147887527362, 0.76901072020004058, 0.79081539841834292, 0.81566421809178002, 0.87548853928235537, 1.0672293854569093, 1.0740225156222154][0m
19
19
19
19
19
19
19
19
19
19
19
19
19
19
19
19
19
19
19
19
19
19
19
19
19
19
19
19
19
19
19
**************
This is generation number:  20
**************
[41mTEST: inCounter:487 GradeList: [0.036800505853233356, 0.093924078845941561, 0.13487130357759447, 0.20677998399413589, 0.36252707399705464, 0.41048558175164096, 0.4383230798188692, 0.5244583964308277, 0.55755112180780209, 0.61000025341548969, 0.61903065195801055, 0.62470823887600779, 0.67804566710068748, 0.68254297896800586, 0.69061585839534423, 0.69259730982052481, 0.70078696799527485, 0.70646123430794183, 0.71061619021594147, 0.74041171778079906, 0.74815025717865502, 0.75135809334652215, 0.75717243761078812, 0.76901072020004058, 0.77972208001278609, 0.81566421809178002, 0.81566421809178002, 0.84712909882214837, 0.87548079192889083, 0.87548853928235537, 1.0738899738637544][0m
20
20
20
20
20
20
20
20
20
20
20
20
20
20
20
20
20
20
20
20
20
20
20
20
20
20
20
**************
This is generation number:  21
**************
[41mTEST: inCounter:514 GradeList: [0.023059235323356186, 0.098209055105525134, 0.13571800759254138, 0.14608125950344408, 0.40153531230255346, 0.40858002777742974, 0.43496260220294836, 0.43558308681730018, 0.45771540398942256, 0.4885050967859329, 0.50948072954552692, 0.51636953602915703, 0.55086646438666953, 0.55735723796818781, 0.59787069662317982, 0.61000025341548969, 0.61687655762827098, 0.69920823091890305, 0.71061619048806512, 0.7353941577013331, 0.74634865940296613, 0.74841244186684441, 0.76168679523392491, 0.7618225408609306, 0.81663538970307747, 0.84588669773037573, 0.95844170292015185][0m
21
21
21
21
21
21
21
21
21
21
21
21
21
21
21
21
21
21
**************
This is generation number:  22
**************
[41mTEST: inCounter:532 GradeList: [0.0071954095474681123, 0.11706244009320976, 0.15125089693898708, 0.17193472705041024, 0.18213452534147911, 0.39222092159569122, 0.49238025516463046, 0.49991436848807502, 0.54423772663392078, 0.5834219341637209, 0.61000025341548969, 0.61030627999884224, 0.68208114026596156, 0.70394176917365747, 0.7321381184696748, 0.84930162505565654, 0.95148769986270743, 0.95446346210047472][0m
22
22
22
22
22
22
22
22
22
22
22
22
22
22
22
22
22
22
**************
This is generation number:  23
**************
[41mTEST: inCounter:550 GradeList: [0.077792985023006689, 0.10251784486454774, 0.18213452561360277, 0.41930130009911515, 0.44458217512385267, 0.47239465341101272, 0.49238025516463046, 0.50571867800991022, 0.54410059894067053, 0.58296805805718044, 0.58342193443583035, 0.60630669456872688, 0.67718015348795724, 0.70394176944577402, 0.73414755081789174, 0.83583466161393438, 0.8446034899013285, 0.96266792136388524][0m
23
23
23
23
23
23
23
23
23
23
23
23
23
23
23
23
23
23
23
23
23
23
23
23
23
23
23
23
23
23
23
23
23
23
23
23
23
23
**************
This is generation number:  24
**************
[41mTEST: inCounter:588 GradeList: [0.019055253893992652, 0.13037028443119147, 0.33682819813813303, 0.34798722496360035, 0.37314411887713284, 0.4101788662032434, 0.4241905194497243, 0.42693161905669974, 0.43983730740894778, 0.4426866561369821, 0.45959756433591969, 0.4684572604177476, 0.47239465341101272, 0.48585947967054899, 0.49238025489252102, 0.51699834378986231, 0.58201205543248313, 0.58296805832928988, 0.58296805832928988, 0.58620476142284594, 0.60630669456872688, 0.60630669456872688, 0.60762978122678113, 0.65105814766647263, 0.66227798883543343, 0.68289776971392946, 0.68963160327799933, 0.7060559114757553, 0.70888121924444369, 0.7140869759840428, 0.73414755081789174, 0.75541370293670418, 0.78179730568046757, 0.8336395896594383, 0.84244166781034557, 0.91566086349713494, 0.95447355725219729, 0.98580328746853929][0m
24
24
24
24
24
24
24
24
24
24
24
24
24
24
24
24
24
24
24
24
24
24
24
24
24
24
**************
This is generation number:  25
**************
[41mTEST: inCounter:614 GradeList: [0.12908112030211505, 0.35220571972781733, 0.35567599528242944, 0.41374533560948812, 0.45423451218503608, 0.47309025072715538, 0.4942913520979858, 0.49610013667257824, 0.50895432557382214, 0.51699834406197176, 0.5669369535570582, 0.59598999807228814, 0.60601539875983768, 0.60630669484085054, 0.68289777025815546, 0.68910526189251164, 0.69149022169472729, 0.70645080119080184, 0.75229385342185828, 0.75541370266459473, 0.77350271931652237, 0.8336395896594383, 0.84415390312541383, 0.917630734301082, 0.95447355698008784, 0.98580328719642274][0m
25
25
25
25
25
25
25
25
25
25
25
25
25
25
25
25
25
25
25
25
25
25
25
25
25
25
**************
This is generation number:  26
**************
[41mTEST: inCounter:640 GradeList: [0.063058074169117684, 0.25919049529937588, 0.35711627674996016, 0.4469718922925211, 0.45384278089543961, 0.4659863515510495, 0.51096607333878985, 0.51755702400167258, 0.54455460756666418, 0.5882956805221341, 0.59511654363316502, 0.65834548529271764, 0.68187956050242071, 0.68988027343182245, 0.72093531475707529, 0.73469461503366496, 0.74228028114242484, 0.75672769854312782, 0.77350271931652237, 0.81889780085584796, 0.82818681558553642, 0.88008822748239701, 0.90665859064219212, 0.91845077823363119, 0.95211859909045848, 1.0703766096251117][0m
26
26
26
26
26
26
26
26
26
26
26
26
26
26
26
26
26
26
26
26
26
**************
This is generation number:  27
**************
[41mTEST: inCounter:661 GradeList: [0.041216387650774844, 0.42070177843970391, 0.43707073160529297, 0.45181116011177103, 0.45486484976980257, 0.49216719872735559, 0.53060341045299431, 0.5354700028566669, 0.55705078715935208, 0.6015778238828674, 0.63049132923189155, 0.68187956050242071, 0.76387746302574733, 0.77864856338910904, 0.7885228375952068, 0.79773276134579596, 0.80709464625988125, 0.88008822742797299, 0.90777971031870386, 0.93752720108130638, 0.97249696295538335][0m
27
27
27
27
27
27
27
27
27
27
27
27
27
27
27
27
27
27
27
27
27
27
27
27
27
27
27
27
27
27
27
27
27
**************
This is generation number:  28
**************
[41mTEST: inCounter:694 GradeList: [0.055342301992891474, 0.086001937702445796, 0.21327761680389379, 0.28671257939963091, 0.41242346802148411, 0.42507236117242264, 0.43707073187740242, 0.45486484976980257, 0.50217554225750127, 0.52008814105105905, 0.54034982404793908, 0.54176026744263772, 0.54990400422816499, 0.55003173637440461, 0.55696615403742988, 0.60724354609275089, 0.62407395945001987, 0.71798201227951786, 0.74698025769120313, 0.75802866642682865, 0.76342911654475365, 0.77009791353800672, 0.77864856338910904, 0.78852283786731625, 0.78852283786731625, 0.78852283786731625, 0.78852283786731625, 0.79773276161790541, 0.80229917843024345, 0.88291321962622049, 0.88665691321859874, 0.91179794534364766, 0.92678152907253952][0m
28
28
28
28
28
28
28
28
28
28
28
28
28
28
28
28
28
28
**************
This is generation number:  29
**************
